"index","starting","ending","total"
1,613,178806,178193
2,613,178806,178193
3,613,178806,178193
4,613,178806,178193
5,614,178808,178194
6,614,178808,178194
7,614,178808,178194
8,614,178808,178194
9,616,178813,178197
10,616,178813,178197
11,616,178813,178197
12,616,178813,178197
13,617,179067,178450
14,617,179067,178450
15,617,179067,178450
16,617,179067,178450
17,616,179615,178999
18,616,179615,178999
19,616,179615,178999
20,616,179615,178999
21,618,179321,178703
22,618,179321,178703
23,618,179321,178703
24,618,179321,178703
25,619,178776,178157
26,619,178776,178157
27,619,178776,178157
28,619,178776,178157
29,621,179416,178795
30,621,179416,178795
31,621,179416,178795
32,621,179416,178795
33,620,180188,179568
34,620,179696,179076
35,620,180171,179551
36,620,179696,179076
37,621,180002,179381
38,621,180002,179381
39,621,180002,179381
40,621,180002,179381
41,623,180370,179747
42,623,180370,179747
43,623,180370,179747
44,623,180370,179747
45,624,181180,180556
46,624,181180,180556
47,624,181180,180556
48,624,181180,180556
49,626,182595,181969
50,626,182595,181969
51,626,182595,181969
52,626,182595,181969
53,626,184087,183461
54,626,184087,183461
55,626,184087,183461
56,626,184087,183461
57,628,185582,184954
58,628,185582,184954
59,628,185582,184954
60,628,185582,184954
61,630,186609,185979
62,630,186609,185979
63,630,186609,185979
64,630,186609,185979
65,634,188794,188160
66,634,188794,188160
67,634,188794,188160
68,634,188794,188160
69,636,190845,190209
70,636,190845,190209
71,636,190845,190209
72,636,190845,190209
73,638,194994,194356
74,638,194994,194356
75,638,194994,194356
76,638,194994,194356
77,643,196946,196303
78,643,196946,196303
79,643,196946,196303
80,643,196946,196303
81,645,199820,199175
82,645,199820,199175
83,645,199820,199175
84,645,199820,199175
85,647,203512,202865
86,647,203512,202865
87,647,203512,202865
88,647,203512,202865
89,652,206297,205645
90,652,206297,205645
91,652,206297,205645
92,652,206297,205645
93,654,210022,209368
94,654,210022,209368
95,654,210022,209368
96,654,210022,209368
97,657,209706,209049
98,657,209706,209049
99,657,209706,209049
100,657,209706,209049
101,658,213606,212948
102,658,213606,212948
103,658,213606,212948
104,658,213606,212948
105,663,217680,217017
106,663,217680,217017
107,663,217680,217017
108,663,217680,217017
109,663,217080,216417
110,663,217080,216417
111,663,217080,216417
112,663,217080,216417
113,669,219236,218567
114,669,219236,218567
115,669,219236,218567
116,669,219236,218567
117,673,223730,223057
118,673,223730,223057
119,673,223730,223057
120,673,223730,223057
121,672,234353,233681
122,672,234353,233681
123,672,234353,233681
124,672,234353,233681
125,679,229856,229177
126,679,229856,229177
127,679,229856,229177
128,679,229856,229177
